0.38265
0.3891
0.5286
0.57586
0.58687
0.54605
0.54337
0.56472
0.69589
0.57425
0.50671
0.4996
0.65763
0.53303
0.4812
0.61869
0.53558
0.41568
0.6395
0.44737
0.4467
0.4177
0.73966
0.47973
0.57774
0.56203
0.66864
0.68059
0.53759
0.57344
0.51007
0.43247
0.42709
0.48281
0.44898
0.50738
0.4236
0.4369
0.74369
0.69831
0.80411
0.51141
0.89366
0.77108
0.44804
0.75792
0.3699
0.68864
0.36627
0.62446
0.64098
0.49785
0.48416
0.50886
0.40105
0.46563
0.47959
0.36721
0.42347
0.5525
0.52887
0.47274
0.44589
0.49181
0.66783
0.60258
0.36426
0.62661
0.67495
0.47771
0.4381
0.54995
0.74557
0.48966
0.51893
0.57532
0.50403
0.44415
0.45596
0.70878
0.47556
0.37285
0.47771
0.69307
0.45193
0.46778
0.40588
0.64997
0.55357
0.64192
0.50524
0.55612
0.61788
0.55518
0.75094
0.65011
0.54337
0.63091
0.42146
0.51423
0.43703
0.65937
0.75859
0.66984
0.56243
0.73268
0.52712
0.65387
0.70757
0.76423
0.38534
0.85446
0.51974
0.80102
0.32922
0.76947
0.77376
0.89044
0.58459
0.57989
0.44938
0.69549
0.79229
0.85929
0.72449
0.54672
0.87527
0.48496
0.7457
0.46912
0.70153
0.42011
0.81498
0.73832
0.77712
0.8166
0.90024
0.49839
0.53786
0.55089
0.86332
0.85862
0.88883
0.78853
0.64111
0.65588
0.74879
0.81807
0.83459
0.66971
0.75685
0.76249
0.67052
0.75953
0.70099
0.76947
0.82304
0.80881
0.76302
0.44576
0.88265
0.47852
0.63453
0.86882
0.8417
0.85835
0.87017
0.71214
0.72986
0.72113
0.83727
0.56525
0.43649
0.5619
0.53034
0.59345
0.8464
0.90575
0.84385
0.8464
0.62983
0.57989
0.63963
0.92159
0.55344
0.69388
0.61023
0.85996
0.92575
0.73322
0.88856
0.83553
0.91018
0.67038
0.59721
0.86117