0.61735
0.6109
0.4714
0.42414
0.41313
0.45395
0.45663
0.43528
0.30411
0.42575
0.49329
0.5004
0.34237
0.46697
0.5188
0.38131
0.46442
0.58432
0.3605
0.55263
0.5533
0.5823
0.26034
0.52027
0.42226
0.43797
0.33136
0.31941
0.46241
0.42656
0.48993
0.56753
0.57291
0.51719
0.55102
0.49262
0.5764
0.5631
0.25631
0.30169
0.19589
0.48859
0.10634
0.22892
0.55196
0.24208
0.6301
0.31136
0.63373
0.37554
0.35902
0.50215
0.51584
0.49114
0.59895
0.53437
0.52041
0.63279
0.57653
0.4475
0.47113
0.52726
0.55411
0.50819
0.33217
0.39742
0.63574
0.37339
0.32505
0.52229
0.5619
0.45005
0.25443
0.51034
0.48107
0.42468
0.49597
0.55585
0.54404
0.29122
0.52444
0.62715
0.52229
0.30693
0.54807
0.53222
0.59412
0.35003
0.44643
0.35808
0.49476
0.44388
0.38212
0.44482
0.24906
0.34989
0.45663
0.36909
0.57854
0.48577
0.56297
0.34063
0.24141
0.33016
0.43757
0.26732
0.47288
0.34613
0.29243
0.23577
0.61466
0.14554
0.48026
0.19898
0.67078
0.23053
0.22624
0.10956
0.41541
0.42011
0.55062
0.30451
0.20771
0.14071
0.27551
0.45328
0.12473
0.51504
0.2543
0.53088
0.29847
0.57989
0.18502
0.26168
0.22288
0.1834
0.09976
0.50161
0.46214
0.44911
0.13668
0.14138
0.11117
0.21147
0.35889
0.34412
0.25121
0.18193
0.16541
0.33029
0.24315
0.23751
0.32948
0.24047
0.29901
0.23053
0.17696
0.19119
0.23698
0.55424
0.11735
0.52148
0.36547
0.13118
0.1583
0.14165
0.12983
0.28786
0.27014
0.27887
0.16273
0.43475
0.56351
0.4381
0.46966
0.40655
0.1536
0.09425
0.15615
0.1536
0.37017
0.42011
0.36037
0.07841
0.44656
0.30612
0.38977
0.14004
0.07425
0.26678
0.11144
0.16447
0.08982
0.32962
0.40279
0.13883