0.40582
0.4105
0.58833
0.62351
0.61958
0.5591
0.57621
0.60831
0.73884
0.62139
0.52944
0.55038
0.7077
0.58918
0.52328
0.66645
0.59524
0.46227
0.68219
0.47587
0.51477
0.47258
0.78082
0.53168
0.61958
0.6148
0.71227
0.71652
0.59843
0.60332
0.56006
0.46503
0.4696
0.51956
0.50468
0.5591
0.47598
0.47215
0.78423
0.7382
0.82898
0.55761
0.9088
0.80697
0.49883
0.79804
0.40487
0.7348
0.37691
0.6824
0.69398
0.53869
0.51977
0.56271
0.46375
0.51871
0.53061
0.4122
0.42623
0.60799
0.5744
0.5118
0.49437
0.5506
0.71567
0.64764
0.40136
0.67485
0.71758
0.51477
0.451
0.57557
0.78412
0.54953
0.54209
0.60077
0.5726
0.51775
0.51042
0.74724
0.51626
0.38871
0.52689
0.73225
0.48916
0.52838
0.4477
0.68856
0.59928
0.66582
0.5659
0.57983
0.65678
0.6047
0.78699
0.69643
0.58684
0.67655
0.46854
0.56494
0.49373
0.70472
0.78816
0.71184
0.57589
0.75723
0.57568
0.70249
0.75627
0.79528
0.40402
0.8699
0.56335
0.82781
0.33344
0.79486
0.80591
0.90327
0.63393
0.61458
0.4967
0.73661
0.81441
0.87266
0.74936
0.61214
0.89264
0.54475
0.77423
0.51499
0.74373
0.46407
0.83546
0.76658
0.79602
0.83174
0.9122
0.53263
0.59917
0.60034
0.88053
0.8783
0.90816
0.81409
0.69207
0.68601
0.77211
0.83737
0.85767
0.6976
0.78784
0.79092
0.70589
0.79156
0.73693
0.79911
0.84875
0.8396
0.79358
0.49213
0.89668
0.5101
0.68601
0.88478
0.86224
0.8783
0.89498
0.7533
0.77083
0.76329
0.86118
0.60491
0.48438
0.6048
0.5608
0.6352
0.87117
0.92028
0.86894
0.87054
0.68463
0.62617
0.66645
0.93612
0.57175
0.73671
0.64668
0.88478
0.93697
0.76903
0.90221
0.85927
0.92368
0.68527
0.65827
0.8834