0.59418
0.5895
0.41167
0.37649
0.38042
0.4409
0.42379
0.39169
0.26116
0.37861
0.47056
0.44962
0.2923
0.41082
0.47672
0.33355
0.40476
0.53773
0.31781
0.52413
0.48523
0.52742
0.21918
0.46832
0.38042
0.3852
0.28773
0.28348
0.40157
0.39668
0.43994
0.53497
0.5304
0.48044
0.49532
0.4409
0.52402
0.52785
0.21577
0.2618
0.17102
0.44239
0.0912
0.19303
0.50117
0.20196
0.59513
0.2652
0.62309
0.3176
0.30602
0.46131
0.48023
0.43729
0.53625
0.48129
0.46939
0.5878
0.57377
0.39201
0.4256
0.4882
0.50563
0.4494
0.28433
0.35236
0.59864
0.32515
0.28242
0.48523
0.549
0.42443
0.21588
0.45047
0.45791
0.39923
0.4274
0.48225
0.48958
0.25276
0.48374
0.61129
0.47311
0.26775
0.51084
0.47162
0.5523
0.31144
0.40072
0.33418
0.4341
0.42017
0.34322
0.3953
0.21301
0.30357
0.41316
0.32345
0.53146
0.43506
0.50627
0.29528
0.21184
0.28816
0.42411
0.24277
0.42432
0.29751
0.24373
0.20472
0.59598
0.1301
0.43665
0.17219
0.66656
0.20514
0.19409
0.09673
0.36607
0.38542
0.5033
0.26339
0.18559
0.12734
0.25064
0.38786
0.10736
0.45525
0.22577
0.48501
0.25627
0.53593
0.16454
0.23342
0.20398
0.16826
0.0878
0.46737
0.40083
0.39966
0.11947
0.1217
0.09184
0.18591
0.30793
0.31399
0.22789
0.16263
0.14233
0.3024
0.21216
0.20908
0.29411
0.20844
0.26307
0.20089
0.15125
0.1604
0.20642
0.50787
0.10332
0.4899
0.31399
0.11522
0.13776
0.1217
0.10502
0.2467
0.22917
0.23671
0.13882
0.39509
0.51562
0.3952
0.4392
0.3648
0.12883
0.07972
0.13106
0.12946
0.31537
0.37383
0.33355
0.06388
0.42825
0.26329
0.35332
0.11522
0.06303
0.23097
0.09779
0.14073
0.07632
0.31473
0.34173
0.1166